14083060625
14063107859
15737721455
19899062808
14015162586
18302353596
12093002523
15022029143
12093603955
16162722820
18187709964
16162722028
19315002376
12567421356
16155733744
17087763831
19794028951
15204208721
17193947723
13379836276
13184913333
15097155137
18656770953
18932222731
15052582415
17726470116
17875385703
19013269335
12793361008
17575819476
17600193196
18382170390
18057435999
15188815270
19142472603
18133993686
18436372327
13104654629
13236188044
13217466259
13368448421
19295387308
18606985359
18312105323
16783303840
19132451896
16692250139
18132208289
18607898321
18087411800
16232715843
17868678396
13023549335
12532648015
18065480797
17324961683
17542271312
18607190185
17655438383
19566672389
18055887094
17866595531
15107084728
13461241750
14087484923
12294575669
19413039812
19166949753
13306923591
15134177010
15403952900
16099648142
18156217032
12707925037
14242433706
14089605959
12052696052
18147924855
19184246387
12254694449
12039060105
12257265350
18566770853
13057243859
19046007534
15404879383
19199488793
18035432015
17854231757
17274320542
14194031526
17065928571
14708727036
13474796559
